1 2
1 4
1 5
1 6
1 9
1 11
1 12
1 13
1 14
1 15
1 16
2 3
2 4
2 5
2 6
2 7
2 8
2 9
2 11
2 12
2 13
2 14
2 15
2 16
3 4
3 5
3 6
3 7
3 8
3 9
3 10
3 11
3 12
3 13
3 14
3 15
3 16
3 17
3 52
3 55
3 60
4 5
4 6
4 7
4 8
4 9
4 10
4 11
4 12
4 13
4 14
4 15
4 16
4 17
4 18
4 21
4 45
4 48
4 49
4 53
4 55
4 57
4 58
4 60
5 6
5 7
5 8
5 9
5 10
5 11
5 12
5 13
5 14
5 15
5 16
5 17
5 18
5 21
5 23
5 49
5 55
5 59
5 60
6 7
6 8
6 9
6 10
6 11
6 12
6 13
6 14
6 15
6 16
6 17
6 18
6 21
6 23
6 35
6 38
6 40
6 55
6 56
6 58
6 59
6 60
6 62
6 68
6 69
6 75
7 8
7 9
7 10
7 11
7 12
7 13
7 14
7 15
7 16
7 17
7 18
7 21
7 23
7 30
7 45
7 55
7 60
7 68
7 75
8 9
8 10
8 11
8 13
8 14
8 15
8 16
8 23
8 27
8 55
8 68
9 10
9 11
9 12
9 13
9 14
9 15
9 16
9 17
9 18
9 23
9 27
9 28
9 29
9 30
9 34
9 35
9 40
9 44
9 55
9 68
9 71
9 74
10 11
10 12
10 13
10 14
10 15
10 16
10 22
10 23
10 55
10 65
10 68
10 75
10 77
11 12
11 13
11 14
11 15
11 16
11 17
11 18
11 20
11 22
11 23
11 29
11 38
11 40
11 41
11 43
11 55
11 61
11 68
11 75
12 13
12 14
12 15
12 16
12 17
12 18
12 20
12 23
12 35
12 50
12 52
12 55
12 68
12 69
12 71
13 14
13 15
13 16
13 17
13 18
13 19
13 20
13 21
13 22
13 23
13 25
13 26
13 27
13 29
13 30
13 32
13 35
13 38
13 40
13 43
13 45
13 46
13 47
13 49
13 50
13 52
13 54
13 55
13 56
13 58
13 59
13 60
13 62
13 63
13 68
13 69
13 71
13 75
14 15
14 16
14 17
14 18
14 20
14 23
14 29
14 38
14 40
14 41
14 55
14 60
14 61
14 68
14 75
14 77
15 16
15 17
15 18
15 20
15 21
15 22
15 23
15 25
15 27
15 29
15 30
15 35
15 40
15 41
15 47
15 48
15 49
15 52
15 54
15 55
15 56
15 58
15 59
15 60
15 68
15 69
15 71
15 75
16 17
16 18
16 49
16 55
16 57
16 58
16 60
16 71
17 20
17 48
17 51
17 56
17 68
17 71
18 19
18 20
18 21
18 22
18 23
18 24
18 25
18 26
18 27
18 28
18 29
18 30
18 31
18 32
18 33
18 34
18 35
18 36
18 37
18 38
18 39
18 40
18 41
18 42
18 43
18 44
18 47
18 48
18 49
18 50
18 54
18 55
18 56
18 57
18 58
18 59
18 60
18 61
18 68
18 75
19 20
19 21
19 22
19 23
19 24
19 25
19 26
19 27
19 28
19 29
19 30
19 31
19 32
19 33
19 34
19 35
19 36
19 37
19 38
19 39
19 40
19 41
19 42
19 43
19 44
19 68
20 21
20 22
20 23
20 24
20 25
20 26
20 27
20 28
20 29
20 30
20 31
20 32
20 33
20 34
20 35
20 36
20 37
20 38
20 39
20 40
20 41
20 42
20 43
20 44
20 52
20 54
20 68
20 70
20 71
21 22
21 23
21 24
21 25
21 26
21 27
21 28
21 29
21 30
21 31
21 32
21 33
21 34
21 35
21 36
21 37
21 38
21 39
21 40
21 41
21 42
21 43
21 44
21 47
21 49
21 50
21 54
21 55
21 58
21 60
21 68
22 23
22 24
22 25
22 26
22 27
22 28
22 29
22 30
22 31
22 32
22 33
22 34
22 35
22 36
22 37
22 38
22 39
22 40
22 41
22 42
22 43
22 44
22 54
22 55
22 56
22 68
22 70
23 24
23 25
23 26
23 27
23 28
23 29
23 30
23 31
23 32
23 33
23 34
23 35
23 36
23 37
23 38
23 39
23 40
23 41
23 42
23 43
23 44
23 54
23 55
23 56
23 58
23 60
23 61
23 68
23 69
23 70
23 71
23 75
23 77
24 25
24 26
24 27
24 28
24 29
24 30
24 31
24 32
24 33
24 34
24 35
24 36
24 37
24 38
24 39
24 40
24 41
24 42
24 43
24 44
25 26
25 27
25 28
25 29
25 30
25 31
25 32
25 33
25 34
25 35
25 36
25 37
25 38
25 39
25 40
25 41
25 42
25 43
25 44
25 47
25 54
25 55
25 62
25 63
25 68
25 70
26 27
26 28
26 29
26 30
26 31
26 32
26 33
26 34
26 35
26 36
26 37
26 38
26 39
26 40
26 41
26 42
26 43
26 44
26 47
26 54
26 68
26 70
27 28
27 29
27 30
27 31
27 32
27 33
27 34
27 35
27 36
27 37
27 38
27 39
27 40
27 41
27 42
27 43
27 44
27 49
27 61
27 63
27 65
27 68
27 73
28 29
28 30
28 31
28 32
28 33
28 34
28 35
28 36
28 37
28 38
28 39
28 40
28 41
28 42
28 43
28 44
28 45
28 46
28 47
28 48
28 49
28 50
28 51
28 52
28 53
28 55
28 57
28 58
28 59
28 60
28 61
28 62
28 63
28 64
28 66
28 67
28 68
28 69
28 70
28 71
28 72
28 73
28 74
28 75
28 76
28 77
29 30
29 31
29 32
29 33
29 34
29 35
29 36
29 37
29 38
29 39
29 40
29 41
29 42
29 43
29 44
29 47
29 50
29 54
29 56
29 60
29 61
29 62
29 63
29 65
29 66
29 68
29 69
29 70
29 74
29 77
30 31
30 32
30 33
30 34
30 35
30 36
30 37
30 38
30 39
30 40
30 41
30 42
30 43
30 44
30 47
30 54
30 61
30 62
30 65
30 68
30 69
30 70
30 73
30 75
30 77
31 32
31 33
31 34
31 35
31 36
31 37
31 38
31 39
31 40
31 41
31 42
31 43
31 44
31 61
31 62
31 68
31 70
31 72
31 75
32 33
32 34
32 35
32 36
32 37
32 38
32 39
32 40
32 41
32 42
32 43
32 44
32 54
32 68
32 70
32 77
33 34
33 35
33 36
33 37
33 38
33 39
33 40
33 41
33 42
33 43
33 44
33 54
33 68
33 70
34 35
34 36
34 37
34 38
34 39
34 40
34 41
34 42
34 43
34 44
34 63
34 68
35 36
35 37
35 38
35 39
35 40
35 41
35 42
35 43
35 44
35 47
35 50
35 54
35 68
35 69
35 70
36 37
36 38
36 39
36 40
36 41
36 42
36 43
36 44
37 38
37 39
37 40
37 41
37 42
37 43
37 44
38 39
38 40
38 41
38 42
38 43
38 44
38 54
38 61
38 62
38 68
38 70
39 40
39 41
39 42
39 43
39 44
39 68
40 41
40 42
40 43
40 44
40 68
41 42
41 43
41 44
41 50
41 54
41 61
41 62
41 64
41 68
41 69
41 70
41 71
41 72
41 75
41 77
42 43
42 44
42 47
42 54
43 44
43 54
43 61
43 64
43 65
43 68
43 71
44 47
44 62
44 68
45 46
45 47
45 48
45 49
45 50
45 51
45 52
45 53
45 54
45 55
45 56
45 57
45 58
45 59
45 60
45 68
46 47
46 48
46 49
46 50
46 52
46 53
46 55
46 56
46 57
46 58
46 59
46 60
47 48
47 49
47 50
47 51
47 52
47 54
47 55
47 56
47 57
47 58
47 60
47 68
48 49
48 51
48 52
48 53
48 54
48 55
48 56
48 57
48 58
48 59
48 60
48 62
48 68
48 71
48 77
49 50
49 51
49 52
49 53
49 54
49 55
49 56
49 57
49 58
49 59
49 60
49 68
50 52
50 53
50 54
50 55
50 56
50 57
50 58
50 59
50 60
51 52
51 53
51 54
51 55
51 56
51 57
51 58
51 60
51 68
52 53
52 54
52 55
52 56
52 57
52 58
52 59
52 60
52 75
53 54
53 55
53 56
53 57
53 58
53 60
53 68
54 55
54 56
54 57
54 58
54 60
54 68
54 71
55 56
55 57
55 58
55 59
55 60
55 68
55 69
55 75
56 57
56 58
56 59
56 60
56 68
56 69
56 75
57 58
57 59
57 60
57 62
57 65
57 68
57 71
58 60
58 68
59 60
59 68
59 75
60 68
60 75
61 62
61 63
61 64
61 65
61 66
61 67
61 68
61 69
61 70
61 71
61 72
61 73
61 75
61 77
62 63
62 64
62 65
62 66
62 67
62 68
62 69
62 70
62 71
62 72
62 73
62 74
62 75
62 76
62 77
63 64
63 65
63 66
63 67
63 68
63 69
63 70
63 71
63 72
63 73
63 74
63 75
63 76
63 77
64 65
64 66
64 67
64 68
64 69
64 71
64 72
64 73
64 74
64 75
64 76
64 77
65 66
65 67
65 68
65 69
65 70
65 71
65 72
65 73
65 74
65 75
65 76
65 77
66 67
66 68
66 69
66 70
66 71
66 72
66 73
66 75
66 76
66 77
67 68
67 69
67 70
67 71
67 72
67 73
67 74
67 75
67 76
67 77
68 69
68 70
68 71
68 72
68 73
68 74
68 75
68 76
68 77
69 70
69 71
69 72
69 73
69 74
69 75
69 76
69 77
70 72
70 75
70 77
71 72
71 73
71 74
71 75
71 76
71 77
72 73
72 74
72 75
72 76
72 77
73 74
73 75
73 76
73 77
74 75
74 76
74 77
75 76
75 77
